0,273
0,270
3,2
10,182
10,263
10,298
10,140
10,92
10,283
10,199
10,2
10,3
11,10
11,7
11,21
11,2
11,3
9,6
9,4
9,2
9,3
8,8
8,4
8,15
8,7
8,9
8,6
8,2
8,3
12,2
12,1
12,3
60,151
60,150
60,149
60,148
60,147
60,146
60,145
60,144
60,143
60,142
60,141
60,140
60,139
60,138
60,137
60,136
60,135
60,134
60,133
60,132
60,131
60,130
60,129
60,128
60,97
60,87
60,70
60,68
60,66
60,65
60,64
60,61
60,60
60,58
60,54
60,52
60,49
60,47
60,45
60,44
60,43
60,42
60,39
60,37
60,36
60,35
60,33
60,31
60,29
60,27
60,26
60,25
60,24
60,23
60,22
60,20
60,16
60,15
60,14
60,13
60,9
60,8
60,7
60,6
60,5
60,4
60,3
60,1
59,7
59,6
59,5
59,3
59,1
57,3
57,1
27,5
27,4
27,3
